1211964
1211987
1212008
1212030
1212077
1212117
1212172
1212213
1212824
1212834
1212836
1212848
1212928
1212929
1212960
1213056
1213623
1213740
1213786
1213794
1213869
1213870
1213922
1214039
1214425
1214608
1214766
1214767
1214896
1214908
1214943
1215061
1215483
1215953
1216155
1216192
1216297
1216372
1216565
1216798
1216799
1216818
1217032
1217148
1217270
1217378
1217442
1217615
1217653
1217889
1217890
1217936
1218185
1218345
1218352
1218384
1218568
1218625
1218833
1218895
1218991
1219064
1219147
1219272
1219531
1219644
1219678
1219853
1219897
1220004
1220075
1220165
1220438
1220439
1220450
1220653
1220863
1220964
1221095
1221138
1221163
1221434
1221451
1221548
1221817
1221970
1222108
1222141
1222260
1222513
1222585
1222683
1222762
1222891
1223110
1223227
1223232
1223411
1223536
1223601
1223703
1223740
1223793
1223852
1223982
1224049
1224301
1224409
1224417
1224542
1224585
1224644
1224835
1224921
1225018
1225191
1225244
1225295
1225338
1225602
1225636
1225741
1225823
1225893
1225962
1226096
1226131
1226314
1226342
1226561
1226619
1226677
1226781
1226840
1226905
1226953
1227066
1227299
1227403
1227470
1227544
1227633
1227699
1227825
1227977
1228025
1228058
1228227
1228323
1228346
1228368
1228512
1228734
1228847
1228926
1228949
1228992
1229059
1229213
1229251
1229532
1229617
1229644
1229719
1229847
1229884
1229904
1230114
1230124
1230350
1230385
1230493
1230577
1230608
1230689
1230859
1230875
1231114
1231160
1231165
1231280
1231401
1231496
1231617
1231652
1231792
1231883
1231896
1231958
1232109
1232205
1232372
1232419
1232538
1232560
1233123
1233216
1233334
1233586
1233606
1233748
1233857
1234034
1234143
1234314
1234487
1234522
1234552
1234676
1234790
1234927
1235149
1235160
1235631
1235647
1235919
1235932
1235944
1235946
1235958
1235984
1236690
1236778
1237067
1237070
1237097
1237150
1237242
1237345
1237575
1237861
1238108
1238186
1238364
1238410
1238419
1238425
1238580
1238795
1239212
1239237
1239463
1239586
1239597
1239698
1239797
1240005
1240156
1240271
1240676
1240681
1240790
1240937
1241002
1241236
1241358
1241369
1241650
1241768
1241900
1242189
1242279
1242301
1242482
1242578
1242763
1242903
1243005
1243158
1243261
1243271
1243359
1243535
1243579
1243660
1243989
1244034
1244149
1244192
1244271
1244392
1244538
1244585
1244845
1244940
1245186
1245336
1245425
1245527
1245554
1245636
1245764
1246082
1246259
1246312
1246466
1246544
1246634
1246764
1246919
1247130
1247190
1247272
1247354
1247406
1247479
1247534
1247707
1247938
1248082
1248156
1248303
1248326
1248327
1248501
1248665
1249019
1249129
1249272
1249363
1249637
1249646
1249658
1249841
1249940
1250162
1250304
1250449
1250521
1250605
1250836
1250905
1250995
1251077
1251229
1251291
1251569
1251758
1251832
1251930
1251939
1251986
1252175
1252373
1252687
1252786
1252806
1252865
1252966
1252973
1253134
1253240
1253442
1253713
1253750
1253887
1253930
1254065
1254243
1254326
1254420
1254744
1254869
1254941
1255042
1255157
1255187
1255549
1255832
1255888
1255923
1256087
1256173
1256319
1256379
1256518
1256819
1256905
1256955
1257167
1257310
1257430
1257492
1257711
1257814
1257890
1257998
1258059
1258143
1258363
1258641
1258644
1258776
1258891
1258968
1259083
1259099
1259403
1259531
1259673
1259732
1259814
1259913
1260076
1260312
1260488
1260557
1260673
1260751
1260872
1260957
1261043
1261103
1261383
1261540
1261654
1261813
1261826
1261836
1261845
1262020
1262090
1262452
1262646
1262803
1263016
1263032
1263041
1263154
1263251
1263555
1263599
1263650
1264005
1264107
1264239
1264398
1264405
1264529
1264622
1264930
1265012
1265017
1265237
1265303
1265369
1265637
1265774
1265926
1266058
1266203
1266273
1266323
1266482
1266635
1266978
1267114
1267153
1267262
1267334
1267409
1267569
1267580
1267947
1268141
1268274
1268278
1268290
1268434
1268447
1268686
1269010
1269183
1269232
1269310
1269449
1269510
1269636
1269713
1270171
1270242
1270281
1270471
1270495
1270631
1270853
1270906
1271189
1271248
1271348
1271494
1271722
1271859
1271931
1272198
1272206
1272214
1272624
1272715
1272730
1272845
1272935
1273020
1273144
1273327
1273606
1273691
1273809
1274002
1274063
1274073
1274170
1274377
1274498
1274780
1274911
1274992
1275031
1275190
1275304
1275315
1275341
1275665
1275931
1276073
1276114
1276290
1276362
1276445
1276563
1276804
1276889
1277083
1277221
1277342
1277508
1277577
1277750
1277845
1278083
1278230
1278254
1278287
1278758
1278772
1278779
1278950
1279120
1279248
1279274
1279414
1279638
1279672
1279804
1279862
1280238
1280332
1280341
1280511
1280529
1280837
1281021
1281151
1281333
1281346
1281394
1281683
1281763
1281944
1281957
1282232
1282471
1282474
1282482
1282708
1282854
1282924
1283062
1283073
1283267
1283349
1283430
1283444
1283656
1283812
1283879
1283910
1284159
1284259
1284276
1284331
1284578
1284721
1284788
1284864
1285049
1285400
1285727
1285761
1285805
1285980
1286074
1286309
1286503
1286527
1286820
1286880
1287066
1287236
1287351
1287488
1287601
1287737
1287915
1288058
1288248
1288259
1288438
1288572
1288692
1288806
1288913
1289063
1289148
1289343
1289507
1289580
1289717
1290019
1290128
1290258
1290383
1290532
1290730
1290743
1290865
1291127
1291184
1291266
1291424
1291488
1291880
1292009
1292021
1292078
1292217
1292380
1292388
1292407
1292779
1293064
1293095
1293238
1293313
1293318
1293389
1293574
1293715
1293882
1294010
1294088
1294184
1294237
1294379
1294417
1294548
1294585
1294764
1295051
1295154
1295202
1295412
1295474
1295650
1295737
1295791
1296207
1296230
1296315
1296510
1296521
1296673
1296986
1297039
1297173
1297187
1297369
1297750
1297760
1298120
1298393
1298415
1298500
1298576
1298777
1299084
1299091
1299160
1299395
1299669
1299682
1299688
1299695
1300001
1300138
1300338
1300425
1300546
1300607
1300666
1300855
1300985
1301151
1301383
1301390
1301608
1301769
1301775
1301902
1302077
1302163
1302439
1302508
1302714
1302789
1303013
1303100
1303125
1303226
1303322
1303536
1303685
1303859
1303905
1304159
1304196
1304208
1304312
1304484
1304550
1304795
1305001
1305129
1305304
1305319
1305362
1305802
1306067
1306235
1306289
1306529
1306662
1306719
1306834
1306946
1307107
1307276
1307320
1307643
1307731
1307871
1307954
1308272
1308334
1308370
1308452
1308617
1308751
1308948
1309017
1309243
1309425
1309533
1309673
1309685
1309797
1309970
1310019
1310374
1310695
1310947
1310990
1311210
1311305
1311406
1311510
1311558
1311749
1312009
1312051
1312285
1312346
1312483
1312609
1312809
1313002
1313153
1313155
1313450
1313455
1313460
1313803
1313820
1313945
1314230
1314357
1314763
1314780
1314788
1315061
1315094
1315274
1315340
1315381
1315637
1315723
1315858
1315891
1315979
1316075
1316220
1316326
1316595
1316598
1316645
1316724
1316785
1316858
1316933
1317249
1317398
1317516
1317520
1317529
1317609
1317672
1317889
1317975
1318262
1318263
1318305
1318454
1318509
1318636
1318659
1318673
1319057
1319102
1319217
1319261
1319447
1319462
1319469
1319694
1319837
1319923
1319971
1320050
1320162
1320303
1320459
1320468
1320564
1320707
1320786
1321330
1321429
1321518
1321628
1321646
1321743
1321825
1321906
1322052
1322260
1322453
1322470
1322475
1322478
1322520
1322738
1322784
1323084
1323146
1323207
1323257
1323342
1323425
1323592
1323683
1323867
1323970
1324022
1324155
1324220
1324333
1324391
1324553
1324593
1324766
1324832
1324967
1325003
1325079
1325233
1325239
1325434
1325532
1325674
1325713
1325776
1325921
1326006
1326182
1326298
1326350
1326498
1326538
1326630
1326759
1326874
1327032
1327253
1327346
1327359
1327464
1327651
1327870
1327988
1328359
1328365
1328483
1328665
1328668
1328677
1328903
1329097
1329184
1329205
1329262
1329359
1329411
1329527
1329672
1329892
1330033
1330159
1330164
1330173
1330184
1330424
1330541
1330689
1330771
1330896
1330955
1331073
1331074
1331251
1331425
1331493
1331569
1331672
1331778
1331846
1331930
1331982
1331986
1332065
1332196
1332270
1332393
1332424
1332440
1332479
1332500
1332552
1332569
1332583
1332633
1332654
1332677
1332736
1332758
1332822
1332869
1332879
1333015
1333108
1333239
1333284
1333298
1333354
1333426
1333507
1333552
1333571
1333657
1333814
1333818
1333820
1333821
1333984
1334012
1334070
1334159
1334351
1334388
1334512
1334660
1334712
1334800
1334869
1335010
1335102
1335264
1335330
1335488
1335593
1335707
1335715
1335836
1335962
1336161
1336281
1336333
1336487
1336496
1336510
1336875
1337218
1337611
1337883
1337918
1337929
1338137
1338149
1338162
1338172
1338482
1338666
1338777
1338845
1338923
1338986
1339082
1339084
1339094
1339372
1339546
1339633
1339711
1339860
1339931
1339932
1339961
1340066
1340270
1340350
1340579
1340658
1340839
1341055
1341056
1341119
1341170
1341399
1341489
1341655
1341776
1341785
1341957
1341961
1342010
1342130
1342293
1342319
1342552
1342711
1342780
1342860
1342924
1343159
1343166
1343282
1343345
1343467
1343604
1343732
1343849
1343883
1344021
1344063
1344180
1344228
1344407
1344554
1344616
1344789
1345278
1345310
1345405
1345529
1345576
1345798
1345806
1345892
1345946
1346150
1346309
1346459
1346534
1346647
1346820
1346821
1346823
1346940
1347062
1347171
1347244
1347492
1347634
1347706
1347795
1347883
1347951
1348056
1348124
1348248
1348539
1348972
1348977
1349133
1349202
1349260
1349283
1349424
1349461
1349670
1349904
1350020
1350129
1350130
1350227
1350236
1350343
1350455
1350673
1350860
1350933
1350991
1351091
1351204
1351271
1351459
1351528
1351535
1351838
1351940
1351966
1352086
1352163
1352239
1352291
1352303
1352547
1352815
1352876
1352932
1353018
1353099
1353207
1353292
1353579
1353641
1354116
1354216
1354225
1354332
1354441
1354618
1354669
1354766
1354770
1354971
1355042
1355188
1355320
1355397
1355487
1355641
1355678
1355736
1355861
1355945
1356152
1356161
1356247
1356408
1356548
1356585
1356733
1356807
1356875
1357211
1357468
1357476
1357619
1357702
1357950
1357990
1358107
1358137
1358291
1358332
1358472
1358477
1358687
1358721
1358903
1359017
1359050
1359207
1359269
1359344
1359384
1359577
1359629
1359759
1359896
1360026
1360140
1360265
1360337
1360343
1360449
1360532
1360626
1360776
1360890
1361029
1361149
1361252
1361309
1361422
1361452
1361489
1361619
1361763
1361823
1362055
1362153
1362233
1362253
1362606
1362971
1362984
1363080
1363163
1363276
1363330
1363525
1363564
1363609
1363848
1363971
1364000
1364042
1364110
1364247
1364306
1364540
1364620
1365137
1365233
1365337
1365340
1365374
1365426
1365540
1365631
1365749
1366072
1366107
1366180
1366254
1366278
1366353
1366389
1366528
1366796
1366898
1367023
1367132
1367175
1367269
1367368
1367439
1367623
1367701
1367715
1367901
1367958
1368153
1368211
1368224
1368404
1368432
1368537
1368726
1368770
1368902
1369020
1369072
1369176
1369222
1369309
1369508
1369599
1369601
1369771
1369885
1370050
1370347
1370350
1370469
1370531
1371040
1371106
1371141
1371320
1371526
1371590
1371692
1371720
1371816
1371860
1371942
1372086
1372314
1372631
1372859
1372929
1373000
1373087
1373173
1373400
1373470
1373559
1373675
1373778
1373901
1373954
1374052
1374123
1374237
1374463
1374466
1374629
1374750
1374788
1374979
1374980
1374983
1375106
1375285
1375300
1375549
1375681
1375775
1375834
1375845
1375939
1376082
1376296
1376327
1376392
1376539
1376649
1376751
1376758
1376886
1377036
1377286
1377518
1377524
1377528
1377534
1377545
1377811
1377847
1378072
1378227
1378306
1378360
1378456
1378579
1378586
1378679
1378856
1378914
1379107
1379174
1379282
1379589
1379852
1379968
1380003
1380144
1380224
1380233
1380366
1380461
1380534
1380737
1380836
1380972
1381112
1381148
1381248
1381308
1381339
1381424
1381587
1381745
1381896
1381936
1382114
1382218
1382249
1382285
1382425
1382535
1382594
1382717
1382853
1383083
1383155
1383158
1383167
1383172
1383513
1383523
1383535
1383536
1383545
1384041
1384155
1384174
1384292
1384388
1384403
1384448
1384576
1384839
1384851
1384891
1385181
1385335
1385419
1385548
1385555
1385621
1385670
1385755
1385910
1385922
1386314
1386415
1386740
1386890
1387186
1387193
1387195
1387203
1387214
1387216
1387291
1387495
1387745
1387936
1388063
1388186
1388243
1388254
1388572
1388609
162934
162935
162969
163006
163101
163127
163229
163295
163686
163730
163841
163895
164093
164132
164355
164426
164494
164519
164605
164825
164951
165045
165082
165206
165399
165518
165636
165787
165961
165988
166067
166117
166150
166305
166324
166653
166654
166873
166877
166913
166999
167015
167150
167275
167403
167566
167661
167874
167886
167988
168032
168132
168156
168226
168287
168595
168623
168794
168927
169036
169059
169132
169253
169379
169469
169773
169813
169884
169967
170100
170210
170316
170398
170538
170728
170829
170897
170916
171043
171151
171215
171317
171400
171502
171821
171924
171931
171966
171995
172016
172088
172164
172526
172697
172808
172870
172966
173016
173152
173308
173364
173443
173598
173695
173770
173874
173943
174086
174186
174387
174433
174503
174592
174683
174818
174890
175055
175121
175273
175362
175670
175750
175761
175825
175912
176059
176099
176198
176281
176298
176431
176530
176765
176793
176884
176924
176967
177121
177180
177212
177460
177563
177697
177725
177794
177905
177921
177999
178077
178266
178359
178405
178513
178665
178756
178814
178835
178886
179019
179205
179226
179284
179481
179558
179631
179684
179873
179888
179948
179975
180283
180337
180353
180509
180547
180593
180688
180707
180841
180876
180983
181225
181276
181333
181444
181488
181563
181636
181667
181816
181959
182039
182139
182315
182359
182429
182540
182583
182633
182768
182838
182930
183025
183142
183276
183384
183428
183471
183532
183598
183737
183849
184293
184313
184351
184361
184428
184556
184635
184717
184875
184880
185338
185355
185358
185359
185392
185428
185450
185666
186055
186109
186229
186276
186506
186611
186612
186672
186724
186929
187009
187350
187491
187497
187715
187844
188145
188257
188368
188402
188507
188642
188928
189054
189310
189456
189900
189903
189909
190000
190011
190091
190328
190537
190766
190963
191104
191277
191349
191442
191906
191916
191923
191937
192089
192294
192560
192584
192839
193047
193055
193059
193159
193543
193642
193776
193948
194013
194160
194313
194508
194690
194829
194976
195039
195314
195411
195479
195493
195579
195641
195907
196074
196216
196377
196499
196740
196774
197165
197264
197307
197470
197511
197593
197726
197791
198040
198382
198458
198534
198704
198851
198993
199130
199249
199473
199750
199764
200063
200167
200180
200311
200591
200823
200885
201100
201183
201311
201343
201423
201667
201743
201815
202043
202259
202333
202426
202511
202594
202676
202683
203211
203382
203559
203627
203765
203802
203906
204161
204403
204477
204554
204796
204850
204971
205116
205142
205422
205660
205730
205791
205826
205972
206009
206210
206302
206429
206620
206720
206856
206858
206903
206963
206971
207564
207588
207694
207819
207895
207986
208321
208426
208456
208577
208662
208774
209066
209272
209352
209801
210036
210048
210059
210082
210085
210128
210151
210241
210772
210806
210851
210931
210937
211067
211109
211201
211539
211656
211736
211795
211814
211995
212125
212141
212290
212744
212858
213005
213049
213171
213374
213411
213538
213578
213597
213697
213769
213940
214110
214341
214617
214702
214723
214754
214931
215177
215193
215221
2155598
2155608
2155619
2155644
2155673
2155718
2155847
2155907
2156335
2156436
2156441
2156450
2156454
2156469
2156930
2156957
2157042
2157053
2157068
2157127
2157418
2157424
2157629
2158016
2158036
2158041
2158052
2158059
2158073
2158090
215822
215833
215834
2158395
2158475
215857
215881
2158854
2159112
2159118
2159137
2159141
2159154
2159164
2159165
2159259
2159839
2159917
2160092
2160099
2160109
2160135
2160148
2160161
2160190
2160422
216047
2160818
2160920
2161053
2161098
2161102
2161154
2161167
216159
2161625
2161664
2161699
2161781
2161895
2161907
216191
2161966
2161988
2162465
2162509
2162519
2162827
2162924
2162948
2162952
2162975
2163260
2163335
2163433
2163530
2163597
2163716
2163722
2163736
2164069
2164422
2164432
2164479
2164491
2164503
2164526
2164544
2164603
2165037
2165145
2165438
2165461
2165477
2165504
2165517
2165533
2165644
2165805
216581
2166285
2166290
2166526
2166532
2166540
2166544
2166587
2166631
2166756
2166934
2167349
2167439
2167505
2167526
2167527
216761
2167700
2167707
2167717
2167876
2168066
2168359
2168392
2168448
2168495
2168510
2168754
2168769
2168783
216885
2168964
2169130
2169149
2169170
2169239
2169545
216957
2169660
2169671
2169738
2170023
2170038
2170044
2170054
2170208
2170222
217023
2170292
2170338
2170601
2170716
2170848
2170855
2170906
2171018
2171036
2171152
2171229
2171409
2171493
2171560
2171710
2171787
2171807
2171969
2172014
217215
2172176
2172186
217220
2172297
2172410
2172479
2172506
217264
2172711
2172738
2172821
2172917
2172935
2173075
2173191
2173229
2173591
2173638
2173657
2173666
217373
2173787
2173914
2173922
2173934
2174028
2174215
2174350
2174372
2174585
2174706
2174728
2174803
2174806
2174907
2175396
2175424
2175484
217552
2175550
2175623
2175852
2175936
2175981
2175989
2176115
2176145
2176199
2176324
217649
2176894
2176896
2176900
2176916
2177081
2177098
2177116
2177122
217751
2177703
2177748
2178124
2178130
2178177
2178186
2178197
2178209
2178230
2178268
217867
217936
2179462
2179626
2179639
2179663
2179678
2179687
2179695
2179709
2180037
2180477
218053
2181186
2181229
2181269
2181286
2181296
2181313
2181336
2181352
2182375
218275
2182925
2182932
2182944
2182954
2182967
2182969
2182980
2182997
218330
2183648
2183852
218400
2184154
2184161
2184187
2184210
2184314
218497
2185276
2185282
2185387
2185416
2185470
2185505
2185530
2185555
2185971
218611
2186564
2186715
2186751
2186754
2186768
2186837
2186856
2186899
2186917
2187540
2187847
2187866
2187887
2187891
2187908
2187930
2187943
218837
2188595
2188764
2188776
2188778
2188891
218959
218962
218973
2190058
2190064
2190081
2190087
2190098
2190099
2190109
2190114
219022
219059
2190787
2190920
2190933
2191466
2191479
2191489
2191505
2191508
219156
2191619
2191639
2191845
2192683
2192734
2192814
2192826
2192843
2192861
2192873
2192885
2193734
2193769
2193799
2193818
2193834
2193878
219391
2193910
2193919
2194381
2194518
2195029
2195052
2195064
2195065
2195080
2195097
2195111
2195142
2195860
219616
2196343
2196353
2196363
2196376
2196427
2196439
2196467
2196495
2197178
2197298
2197311
2197318
2197348
2197361
2197369
219778
2198117
2198480
2198491
2198507
2198522
2198527
2198537
2198555
2198758
219910
2199126
2199369
2199445
2199450
2199695
2199705
2199717
2199724
2200505
2200565
2200584
2200591
2200616
2200646
2200671
2200693
2201226
220128
220130
2201358
2201791
2201804
2201815
2201829
2202548
2202549
2202558
2202559
2202565
2202567
2202624
2202629
220264
220306
2203313
2203398
2203418
2203483
2203491
2203512
2203535
2204451
2204474
2204553
2204560
2204572
2204588
2204605
2205231
2205249
2205650
2205700
2205706
2205713
2205728
2205746
220575
2205839
2206010
2206532
2206579
2206592
2206631
2206638
2206641
2206661
2207269
2207721
2207741
2207832
2207845
2207848
2207852
2207859
2207893
2208358
2208473
2208648
2209137
2209185
2209199
2209226
2209240
2209293
2209318
2209335
220949
220950
220953
220954
220959
220966
2209852
2210086
221034
2210473
2210495
2210501
2210506
2210518
221057
2210594
2210602
2210616
2211177
2211315
2211739
2211747
2211766
2211799
2211817
2211829
2211854
2211889
2212482
2212547
2212563
2213007
2213023
2213123
2213129
2213134
2213259
2213282
2213424
2213832
2214052
2214071
2214089
2214102
2214125
2214928
2214946
2214952
2214963
2214989
2215018
2215031
2215060
2215864
2215965
2215993
2216031
2216036
2216052
2216105
2216140
2216376
221666
2216755
2217309
2217315
2217380
2217417
2217425
2217442
2217453
2217454
221759
2217990
2218265
221840
2218449
2218453
2218474
2218477
2218480
2218482
2218771
221884
221900
2219202
221939
2219659
2219667
2219685
2219693
2219704
2219706
2219715
2219733
222010
2220380
2220518
222053
2220632
2220649
2220675
2220685
2220694
2220710
2221041
2221284
222148
2221672
2221681
2221739
2221773
2221776
2221806
2221819
2222317
2222421
2222543
2222616
2222702
2222767
2223362
2223367
2223426
2223456
2223567
2223579
2223597
2223608
2224038
2224268
2224332
2224334
2224498
2224530
2224970
2224979
222499
2225027
2225044
2225105
2225244
2225269
2225921
2225947
2225951
2225954
2225963
2226004
2226015
2226019
2226395
2226555
2226712
2226734
2226992
2227001
2227022
2227034
2227106
222712
2227336
2227345
2227400
2227706
2228028
2228052
2228097
2228146
2228160
2228176
222833
2228394
2228423
2228603
2228713
2228824
2228841
2229016
2229220
2229227
2229295
2229554
2229571
222961
222963
2229767
2229785
2229935
2229947
2230407
2230499
2230519
2230554
2230794
2230830
2230850
2230867
2231714
2231730
2231736
2231737
2231754
2231771
2231786
2231892
2232674
2233106
2233107
2233109
2233111
2233130
2233155
2233161
2233162
223326
223344
223345
2233539
2233786
2233843
223392
223407
2234214
2234221
2234240
2234289
2234317
2234322
2234390
2234536
2234982
2235170
223538
2235460
2235475
2235476
2235477
2235478
2235494
2235511
2235777
2236141
2236216
223629
2236527
2236536
2236542
2236553
2236611
2236702
2236756
2236879
2237533
2237570
2237637
2237647
2237660
2237671
2237686
2237717
223803
2238688
2238706
2238718
2238730
2238765
2238770
2238783
2238808
2239275
2239363
2239374
2239464
2239582
2239588
2239658
2239933
2240129
2240135
2240212
2240630
2240633
2240643
2240710
2240779
2240798
2240835
2240848
2241182
2241419
2241471
2241472
2241811
2241815
2241863
2241883
2241895
2242223
2242365
2242379
2242408
224245
2242868
2242882
2242921
2242931
2242948
2242978
2243515
2243532
224355
2243551
2243611
2243895
2243911
224413
224454
2244543
2244549
2244577
2244581
2244615
2244643
2244664
2244680
224507
2245203
2245287
2245367
2245474
2245572
2245732
224589
2246336
2246345
2246352
2246394
2246427
2246449
2246468
2246501
2246870
224691
2247165
224721
2247377
2247399
2247426
2247440
2247468
2247565
2248105
2248133
2248419
2248432
2248442
2248465
2248476
2248490
2249085
2249087
2249104
2249155
2249207
2249210
224942
2249525
2249536
2249794
2249864
2250181
2250193
2250209
2250270
2250284
2250314
2250330
2250548
2250717
2250873
2251056
2251068
2251088
2251646
2251709
2251711
2251750
2251765
2251776
2251800
2251809
225197
2252527
2252542
2252720
2252728
2252737
2252744
2252757
2252772
225321
2253298
2253319
2253525
2253780
2253783
2253785
2253787
2253792
2253892
2253908
2254085
225410
2254414
2254483
2254796
225481
2254855
2254912
2254937
2254967
2254980
2255065
225562
2255746
2255779
2255800
2255822
2256084
2256090
2256092
2256107
2256767
225677
2256783
2256830
2256856
2256992
2257009
2257044
2257074
225728
225764
2257749
2257750
2257772
2257786
2257796
2257807
2258509
2258510
2258535
2258606
2258621
2258640
2258651
2258877
2259189
2259271
225933
2259382
2259448
2259467
2259833
2259857
2259927
2259931
2259996
2260013
2260023
2260328
2260595
2260623
2260666
2260726
2260762
2260780
2261011
2261097
2261282
2261385
2261502
2261538
2261572
2261735
2261816
2262135
2262150
2262175
2262413
2262503
2262515
2262754
2262772
2262779
226284
2262855
2262906
226298
2263143
2263325
2263339
2263481
2263624
2263675
2263766
2263786
226392
2264281
2264282
2264325
2264373
2264441
2264456
2264503
2264515
226468
2264837
2265016
2265213
2265381
2265433
2265445
2265459
2265481
2265754
2266012
2266047
2266072
226635
2266801
2266809
2266839
2266944
2266958
2266967
2266972
2267009
226714
2267747
2267750
2267787
2267806
2267828
2267839
2267853
2267866
2268383
2268526
2268582
2268597
2268640
2269111
2269137
2269165
2269208
2269318
2269335
2269356
2269413
226985
2269865
2269911
2269926
2270101
2270144
2270162
2270525
2270565
2270638
2270643
2270724
2270781
2270916
227106
2271456
2271495
2271573
2271643
2271661
2271669
2271683
2271695
2272574
2272583
2272587
2272589
2272600
2272605
2272631
2272698
227278
227319
2273332
2273350
2273610
2273661
2273693
2273708
2273732
2273765
2273839
2274268
2274297
2274310
2274736
2274773
2274794
2274807
2274811
227485
2274893
2274934
2274966
2275577
2275677
2275680
2275685
2275728
2275743
2275764
227588
2276088
2276256
2276443
2276910
2276927
2276930
2276943
2276955
2276971
2276985
2277061
2277455
2277496
2277549
2277735
2278007
2278044
227805
2278054
2278063
2278112
2278211
2278402
2278497
227854
2278730
2278786
2278881
2278939
2278945
2279428
2279433
2279444
2279447
2279876
2279884
2279929
2279951
2279975
2280257
2280377
2280393
2280640
2281024
2281044
2281053
2281058
228109
2281137
2281158
2281173
2281480
2281690
2281734
2281830
2281860
228222
2282225
2282231
2282236
2282280
2282288
2282430
2282437
2282617
2282969
2282995
2283190
2283218
2283274
2283286
2283312
2283451
2283552
2283684
228398
2284056
2284294
2284363
2284419
2284439
2284448
228474
2285027
2285030
2285040
2285053
2285058
2285193
2285210
2285212
2285754
2285909
2286058
2286067
2286076
228680
2286810
2286813
2286820
2286843
2286869
2286880
2286881
2286892
2287342
2287616
2287622
2287666
2287688
2287700
228771
2288159
2288166
2288233
2288241
2288290
228836
2288414
2288775
2288778
2288799
2288871
2288891
2288998
2289031
2289214
2289359
2289543
2289567
2289678
2289770
2289796
228983
2290000
229004
2290042
2290266
2290795
2290809
2290810
2290839
2290858
2290860
2290871
2290880
229097
2291338
2291680
2291690
229179
2292177
2292191
2292197
2292211
2292235
2292248
2292260
2292459
2292702
2292870
2292921
2293087
2293110
2293163
2293174
2293398
2293411
2293609
2293631
2293847
229405
2294081
2294090
2294133
2294151
2294311
2294422
2294550
2294569
2294766
2294928
2295220
2295221
2295256
2295276
2295303
2295318
2295529
229554
2295802
2296212
2296213
2296225
2296232
2296243
2296251
2296260
2296462
2296836
2296947
2297090
2297128
2297136
2297223
2297228
2297269
2297691
2297746
2297754
2297845
2297923
2297981
2298001
229813
2298454
2298572
2298579
2298608
2298680
2298692
229905
2299407
2299483
2299497
2299540
2299554
2299559
2299573
2299612
2299939
230009
2300154
230026
2300260
2300429
2300450
2300459
2300901
2300904
2300938
2300984
2300997
230112
2301491
2301492
2301493
2301736
2301879
2301951
230199
230209
2302440
2302441
2302448
2302469
2302490
2302499
2302501
2302525
2303201
2303222
2303462
2303477
2303492
2303607
2303620
2303645
2304217
2304223
2304375
2304379
2304421
2304429
2305123
2305137
2305164
2305178
2305205
2305213
2305222
2305227
2305647
2305816
2305850
2305959
2306061
2306075
2306120
2306187
2306246
230631
2306767
230678
2306787
2306802
230736
2307398
2307405
2307446
2307458
2307496
2307527
2307545
2307582
2308129
2308223
2308233
230844
2308546
2308591
2308609
2308629
2308649
230865
2308689
2308896
2308910
2309154
2309259
2309346
2309808
2309815
2309891
2309902
2309922
2309932
230996
2309972
2310194
2310601
2310636
2310840
2310846
2310894
2310942
2311485
2311492
2311538
2311671
2311691
2311732
231189
2312130
2312131
2312237
2312704
2312732
2312749
2312778
2312783
2312793
2312995
231305
2313665
2313712
2313778
2313795
2313850
2313860
2313867
2313894
2314278
2314612
2314641
2314898
2314907
2314915
2314950
231506
2315639
2315647
2315655
2315703
2315752
2315792
2315812
2315830
2316272
2316713
2316732
2316737
2316741
2316752
2316772
2316787
2316833
231742
231765
2317718
2317732
2317751
2317756
2317794
2317827
2317834
2317850
231827
231868
2318746
2318784
2318824
231887
2318895
2318913
2318922
2318933
2318979
2319578
2319604
2319628
2320310
2320349
2320366
2320422
2320464
2320478
2320495
2320511
232056
2320984
2321203
2321628
2321705
2321713
2321850
2321864
2321865
2321893
2321935
232238
2322488
232256
2322598
2322607
2322741
2323219
2323256
2323261
2323265
2323572
2323580
2323584
2323593
2323899
2324070
2324611
2324620
2324641
2324657
2324661
2324679
2324709
2324734
2325256
232539
2325435
2325759
2325764
2325773
2325778
2325796
2325825
2326119
2326327
232647
2326604
2327102
2327104
2327116
2327122
2327129
2327137
2327138
2327146
232754
2327857
232788
2327931
2328087
2328123
2328126
2328142
2328159
2328504
2328828
2329193
2329211
2329281
232929
2329299
2329325
2329352
2329362
2329615
2329930
233029
2330334
2330338
2330346
2330350
2330354
2330357
2330365
2330448
2330857
2331040
233105
2331252
2331253
2331255
2331269
2331292
2331293
2331488
2331630
2331978
2331988
2332267
2332270
2332300
2332305
2332326
2332394
2332499
2332595
233276
2332933
2333119
2333132
2333138
2333159
2333175
2333699
2333712
2333735
2333753
233389
2333998
2334097
2334103
2334136
2334250
2334468
2334492
2334513
2334597
2334643
2334997
2335007
2335159
2335469
2335471
2335477
2335491
2335519
2335522
2335574
2335680
233601
2336265
2336271
2336490
2336512
2336526
2336550
2336559
2336574
2336795
2336888
2337137
2337247
2337330
2337338
2337683
2337696
2337702
2337759
2337775
2337932
2337943
233804
2338142
2338383
2338556
2338562
2338570
2338600
2338932
2338944
2338946
233905
2339075
2339193
233945
2339470
2339480
2339523
2339630
2339713
2340036
2340040
2340048
2340178
2340187
2340238
2340290
2340492
2340635
2340735
2340890
2341035
2341047
2341071
2341100
2341220
2341303
2341580
234170
2341709
2341811
2342143
2342165
2342173
2342190
2342194
2342355
2342465
2342480
234282
2342833
2342930
2342938
2343301
2343321
2343340
2343341
2343359
2343366
2343850
2343870
2343913
2344013
2344043
234407
2344152
2344212
2344433
2344476
2344744
2344760
2344777
2344804
234507
2345143
2345144
2345146
2345160
2345236
2345474
2345531
2345745
2345818
2345865
234588
2345933
2346060
2346074
2346236
2346423
2346472
2346558
2346704
2346815
2346881
2347243
2347254
2347265
2347283
2347408
2347424
234746
2347496
2347692
2347801
2347916
2348047
2348145
2348552
2348556
2348588
2348594
2348595
2348600
2348625
2348714
2349116
234912
2349320
2349353
2349363
2349378
2349841
2349842
2349843
2349845
2349893
2349974
2349984
2350078
2350499
2350719
2350728
2350733
2350745
2350823
2350867
2351049
2351069
2351387
2351453
2351587
2351612
2351613
2351686
2351810
2351842
235185
2352203
2352213
235238
2352522
2352566
2352606
2352618
2352682
2352697
2353071
2353080
2353120
2353217
2353235
2353453
2353470
2353583
2353777
2353786
2353911
2353951
2354038
2354236
235427
2354340
2354584
2354602
2354605
2354639
2354728
2354736
2355023
2355166
235529
2355313
2355408
2355707
2355717
2355726
2355758
2355782
2355789
2355875
2356095
2356332
2356369
2356423
2356702
2356707
2356735
2356747
2356839
235687
2356920
2357118
2357444
2357449
2357459
2357461
2357521
2357700
2357711
2357899
2358063
2358306
2358309
2358377
2358532
235854
2358544
2358571
2358674
235890
2359103
2359115
2359136
2359148
2359179
2359215
2359233
2359370
235971
2359746
2359777
2359919
2360009
2360030
2360129
2360132
2360277
2360488
2360624
2360671
2360754
2360850
2361003
2361015
2361402
2361412
236144
2361483
2361551
2361569
2361577
236170
2361767
2361780
2361950
2361993
2362224
2362249
2362646
2362658
2362663
2362670
2362693
2362720
236289
2362925
2363016
2363300
2363336
236353
2363599
2363604
2363611
2363730
2363734
2363881
2363982
2364155
236421
2364232
2364390
2364414
2364501
2364525
2364566
2364795
2365188
2365198
2365202
2365236
2365252
2365270
2365284
2365465
236555
2365823
2365827
2365849
2366032
2366367
2366382
2366404
2366409
2366482
2366593
2366788
2366798
2366962
2366972
2367081
236718
2367209
2367564
2367583
2367602
2367619
236776
2367775
2367786
2367820
2367905
2368094
2368392
2368425
2368559
2368598
2368609
2369119
2369136
2369137
2369140
2369143
2369144
2369165
2369166
2369740
2369781
2369813
2369965
2369976
2369987
2369998
2370010
2370342
2370643
2370644
2370704
2370782
2370797
2371236
2371237
2371248
2371260
2371263
2371360
2371455
2371695
237170
2371850
2372097
2372111
2372113
2372117
2372194
2372206
2372397
2372523
237254
2372715
2372819
2372948
2373029
2373048
2373244
2373278
2373279
2373421
2373600
2373684
2373913
237393
2373938
2373956
2374015
2374184
2374531
2374573
2374576
2374594
2374644
237476
2374762
2374785
2374951
2375222
2375350
2375499
2375518
2375520
2375552
2375743
2375759
2375870
237593
2375969
2376175
2376237
2376309
2376436
2376671
2376684
2376699
2376745
2377014
237706
2377127
2377232
237740
2377572
2377597
2377598
2377601
2377608
2377613
2377621
2377789
2378202
2378277
2378393
237848
2378577
2378579
2378600
2378601
2378667
2378720
2378982
2379068
2379258
2379345
2379475
2379492
2379693
2379695
2379777
2379930
2380060
2380146
238017
2380190
2380240
2380395
2380588
2380618
2380782
2380806
2380836
2381213
2381227
2381241
2381284
2381362
2381428
2381521
2381637
2381812
2382009
2382052
2382223
2382597
2382600
2382608
2382620
2382638
2382644
2382717
238274
2382751
2383114
2383205
2383310
238359
2383629
2383631
2383647
2383746
2383748
2383759
2384082
2384125
2384144
2384432
2384437
2384461
2384506
238455
2384725
2384731
2384902
2384942
2385214
2385218
2385282
2385625
2385629
2385636
2385641
238566
2385681
2385922
2386021
2386091
2386231
2386286
2386665
2386673
2386674
2386676
2386821
2386836
2386911
2386927
2387517
2387527
2387534
2387570
2387621
2387625
2387628
2387657
238789
2388101
2388120
2388309
2388361
2388457
2388594
2388599
2388603
2388750
2388901
2388974
2389268
2389346
2389605
2389619
2389628
2389631
2389681
2389690
2389950
2390051
2390265
2390361
2390579
2390599
2390617
2390631
2390718
239084
2390936
2391102
2391121
2391327
2391431
239158
2391665
2391675
239168
2391682
2391806
2391817
239195
2392179
2392184
2392186
2392205
239242
2392510
2392515
239256
2392628
2392711
2392890
2392901
239299
2393118
2393155
2393169
2393333
2393424
2393652
2393715
2393736
2393778
2393944
2394058
2394180
2394230
2394555
2394582
2394591
2394599
2394760
2394808
2394878
239495
2394954
2395233
2395410
2395503
2395508
2395559
2395611
2395641
2396069
2396075
2396125
2396222
2396318
2396568
2396582
2396592
2396719
2396752
2396811
2397033
2397085
2397268
2397377
2397478
2397484
2397589
2397754
2397899
2398054
2398066
2398346
2398352
2398380
2398398
2398802
2398811
2398821
2398919
2398920
2398925
2399086
2399255
2399443
2399506
2399635
239965
2399999
2400024
2400030
2400032
2400039
2400042
2400043
2400210
240023
2400697
2400786
2400830
2400906
2400943
2401025
2401379
2401386
240139
2401395
2401422
2401537
2401626
2401831
2401873
2401965
2402068
240237
2402390
2402423
2402458
2402497
2402538
2402637
2402839
2402976
2403084
2403106
2403133
2403476
2403486
2403497
2403699
2403888
2403937
2403989
2403993
240416
240428
2404319
2404340
2404355
2404430
2404477
2404609
2404728
2404802
2404993
2405146
2405147
2405226
2405310
2405555
2405624
2405637
2405824
2405972
240598
2406008
2406017
2406027
2406173
2406361
2406480
240650
2406612
2406729
2406947
2406957
2406997
2407007
2407068
2407531
2407539
2407541
2407548
2407611
2407725
2407783
2407914
2408120
2408259
2408338
2408557
2408586
2408593
2408621
240867
2408818
2408834
2409133
2409149
240921
2409228
2409385
2409632
2409641
2409644
241126
241177
241298
241451
241663
241854
241915
241979
241996
242113
242481
242626
242671
242687
242954
243116
243253
243276
243466
243592
243701
244061
244063
244370
244376
244403
244470
244496
244593
244667
245063
245153
245223
245459
245584
245658
245717
245822
245846
245915
246038
246469
246536
246670
246833
246847
246985
247101
247253
247484
247519
247738
247818
247956
248097
248293
248433
248520
248575
248644
248815
248916
249059
249096
249236
249346
249507
249663
249897
249972
250018
250061
250487
250554
250574
250667
250729
250787
251107
251139
251449
251554
251562
251683
251786
251853
252059
252291
252371
252381
252449
252636
252644
252743
252773
253194
253492
253643
253647
253790
253995
254034
254094
254180
254320
254358
254528
254860
254957
255090
255302
255413
255477
255671
255759
255829
255891
256103
256186
256249
256389
256440
256606
2566335
2566344
2566349
2566678
2566810
2566996
2567002
2567015
2567045
2567122
2567146
2567177
2567240
2567803
2567861
2567916
2567963
2568063
2568150
2568209
2568224
256887
256967
257256
257279
257344
257389
257468
257661
257830
257950
258044
258263
258357
258572
258587
258802
258952
259042
259046
259130
259283
259290
259446
259755
259860
260155
260242
260286
260337
260369
260420
260656
260920
261156
261180
261479
261524
261551
261596
261655
261666
261801
261904
262389
262467
262535
262579
262624
262671
263114
263168
263241
263326
263369
263414
263477
263547
264110
264186
264283
264363
264422
264453
264675
264875
264911
265188
265314
265389
265436
265521
265591
265826
265949
266094
266369
266428
266434
266519
266569
266613
266746
267006
267317
267445
267499
267613
267626
267768
267861
268247
268301
268371
268402
268499
268564
268711
268937
269121
269280
269413
269479
269573
269650
269677
269814
270288
270365
270394
270463
270478
270557
270604
270717
271206
271294
271308
271404
271540
271710
271757
271962
272121
272346
272476
272496
272566
272592
272611
272688
272707
273316
273487
273502
273595
273680
273802
273972
274173
274329
274371
274517
274523
274636
274705
274937
275197
275266
275316
275433
275457
275566
275646
275856
276052
276281
276359
276424
276523
276533
276728
276821
276879
277122
277293
277353
277363
277412
277478
277647
277744
277922
278082
278178
278276
278387
278439
278455
278556
278642
278855
278908
2790221
2790230
2790240
2790252
2790269
2790274
2790391
2790455
279096
2791229
2791284
2791323
2791347
2791353
2791387
2791391
2791409
279153
2791821
2792062
2792157
2792296
2792356
2792358
2792399
2792428
2792442
279261
2792982
2793001
2793323
2793337
2793349
2793357
2793366
2793389
2793684
2793914
2794067
2794332
2794355
279441
2794584
2794593
2794600
2794616
279463
279481
2794953
2794999
2795046
2795345
2795811
2795874
2795903
2795905
2796225
2796459
2796475
2796476
2796503
2796528
2796535
2796546
2796864
2797280
2797307
2797329
279747
2797502
2797785
2797793
2797807
2797835
2797849
2797851
279793
2798175
2798278
2798507
2798729
2798905
2798955
2798968
2798990
279922
2799466
2799478
2799482
2799490
2799509
2799519
279992
2799998
2800004
2800157
2800164
2800432
2800436
2800441
2800445
2800914
2800948
2800954
2800958
2801136
2801267
280133
2801347
2801364
2801555
2801561
2801634
2801680
2801828
2801939
2802069
280208
2802206
2802284
2802462
2802485
2802534
2802673
2802698
280291
2802948
2803082
2803083
2803173
2803216
2803264
2803477
2803552
2803613
2803676
2803873
2803990
2804118
2804120
2804126
280423
2804327
2804503
2804578
2804586
2804673
2804781
2804823
2804903
2804949
280519
2805239
2805313
2805327
2805410
2805421
2805453
2805564
2805674
2805976
2806100
2806105
2806110
280621
2806266
2806274
2806337
2806441
2806601
2806644
2806861
2806932
2806999
2807007
2807167
280719
2807207
2807286
2807413
2807566
2807602
2807661
2807697
2807887
2808089
2808099
2808109
2808286
2808407
2808487
2808495
2808573
280861
2808651
2808814
2808834
2809002
2809153
2809206
2809300
280933
2809342
2809459
2809467
2809572
2809691
2809777
2809917
2810013
2810129
2810179
2810251
2810275
281046
2810793
2810864
2810974
281099
2811136
2811234
2811255
2811334
2811373
2811424
2811635
2811758
2811975
2812087
2812215
2812323
2812384
2812414
2812600
2812602
281295
2813011
2813141
2813148
2813569
2813572
2813576
2813579
2813601
2813613
2813624
2813647
2814300
281444
2814534
2814967
2814978
2814984
281499
2815002
2815017
2815025
2815050
2815203
281536
2815876
2815973
2815982
2815984
2816042
2816072
2816099
2816119
2816894
2816906
2816909
2816910
2816912
281723
2817352
2817612
2817627
2817665
2817676
2817689
2817704
2817833
2818884
2818886
2818898
2818901
281931
2819443
2819461
2819930
2820009
2820022
282003
2820040
2820042
2820043
2820054
2820055
282015
2820521
282064
2821064
2821091
2821143
2821528
2821584
282159
2821595
2821609
2821613
2821668
2822223
2822245
2822321
2822340
2822453
282269
2823123
2823155
2823161
2823165
2823269
2823292
2823304
2823315
282373
2823958
2823960
2824171
2824282
2824302
2824304
2824305
2824906
2824913
2825197
2825221
2825231
2825255
2825273
2825274
282529
2825982
2826000
2826005
2826009
2826011
2826481
2826488
2826501
2826653
2826737
282680
2826810
2826915
2826939
2827087
2827188
2827261
2827611
2827625
2827791
2827934
2827965
2828125
282813
2828169
2828171
2828395
2828476
2828580
282865
2828970
2829013
2829031
2829053
2829074
2829079
2829106
282944
2829732
2829786
2829806
2829947
2830037
2830296
2830319
2830414
2830442
2830554
2830623
283088
2830933
2830937
2830953
2831146
2831260
2831357
2831374
2831384
283183
2831835
2831852
2831861
2831917
2831994
2832413
2832415
2832490
2832521
2832550
283288
2833031
2833191
2833196
2833208
2833228
2833254
2833295
2833831
2833832
2834169
2834197
2834212
2834236
2834249
2834259
2834789
2834828
2834830
2834938
283498
2835006
2835023
2835247
2835253
283550
2835974
2835984
2836033
2836038
2836059
2836068
2836090
2836104
2836779
2836843
2836871
2837271
2837288
283729
2837306
2837316
2837323
2837894
2837904
2837930
2837952
2837978
283830
2838389
2838396
2838401
2838574
2838818
2838819
2839032
2839046
2839076
283908
2839084
2839128
2839372
2839612
2839775
283983
2840183
2840193
2840207
2840228
2840233
2840256
2840282
2840760
284078
2840904
2840924
2840960
2841036
2841329
2841334
2841336
2841380
2841570
2841627
2841637
2841785
284183
2842142
2842151
2842181
2842257
2842345
2842469
2842622
284272
2842753
2842766
2842943
2842950
2843088
2843180
2843285
2843425
2844076
2844103
2844162
284421
2844344
2844380
2844930
2844938
2845032
2845471
2845496
2845500
2845520
2845538
2845544
2845592
2846000
284602
2846199
2846445
284687
2846873
2846889
2846895
2846898
2846915
2847003
2847359
2847373
2847762
2847777
2847788
2847813
2847823
2847824
2848066
284825
2848441
2848665
2848688
284871
2849195
2849214
2849224
2849230
2849250
2849365
2849370
2849422
2849852
285002
2850045
2850110
2850262
2850277
2850289
2850366
2850460
2850894
2850899
2850905
2850910
2851054
2851099
285117
2851394
2851416
2851792
2851796
2851802
2852124
2852135
2852149
285220
2852231
2852248
2852311
2852857
2852870
2853113
2853124
285316
2853430
2853460
2853476
2853515
2853772
2853784
285392
2854362
2854396
2854409
2854430
2854469
285447
2854481
2854597
2854632
2855074
2855173
285525
2855276
2855284
2855304
2855731
2855746
2855882
2856086
2856093
2856095
2856097
285616
2856747
2856911
2856912
2856926
2856928
2856999
2857007
2857020
2857529
285773
2857739
2858210
2858221
2858230
2858239
2858274
2858291
2858307
2858404
2858936
285904
2859175
2859181
2859188
2859200
2859370
2859380
2859413
2859915
2859937
2860358
2860377
2860394
2860404
286042
2860430
2860438
2861025
2861027
2861166
2861283
2861312
286132
2861322
2861429
2861886
2861894
2861937
2862235
2862245
2862289
2862301
2862563
2862958
2862965
286297
2863333
2863350
2863356
2863368
2863411
2863443
2863463
2863754
2864051
2864249
2864415
286444
2864472
2864484
2864642
2864693
2864703
2864726
2864981
2865086
2865234
286532
2865452
2865475
286549
2865580
2865834
2865848
2865851
2865928
2865934
2866268
2866285
2866303
2866418
2866758
2866771
2866793
286683
2866834
2866964
2867246
2867514
2867527
2867549
2867673
2867676
286769
2867747
286793
2867968
2868469
2868473
2868515
2868526
2868536
2868554
2869054
2869143
2869153
2869532
2869591
2869604
2869606
2869617
2869715
2870067
2870085
287032
2870431
2870475
2870491
2870530
287073
2870960
2871012
2871086
2871395
2871409
287143
2871430
2871446
2871459
2871480
2872414
2872427
2872653
2872681
2872724
2872900
2872954
2872999
287327
287342
2873523
2873538
2873554
2873583
2874049
2874099
2874116
2874275
2874305
287491
2874920
2874927
2874947
2875011
2875013
2875135
2875152
2875166
2875855
287596
2876011
2876024
2876061
2876276
2876783
2876784
2876878
2876885
2876919
2876928
2876945
2876950
287730
2877695
2877699
2877727
2877844
2878218
2878221
2878230
2878252
2878268
2878275
287835
2879136
2879144
2879162
2879180
2879184
2879201
2879244
2879280
287944
287948
2879649
2879972
2880191
2880201
2880238
2880264
288027
2880296
2880794
2880952
2880953
2880965
2881009
2881521
2881522
2881537
2881587
2881596
2881707
288171
2881953
2882370
2882488
2882554
2882563
2882575
2882612
2882625
2882638
2883195
2883369
2883471
2883486
2883494
2883506
288362
2883976
2883987
2884120
2884136
2884218
2884571
288463
2884635
2884763
2884777
2884825
2885270
2885273
2885274
2885296
2885391
2885758
2885995
288600
2886017
2886039
2886056
2886090
2886774
2886817
2886825
2886829
2886834
2886902
2886910
2886937
288728
2887878
2887884
2887890
2887905
2887923
2887928
288809
2888095
2888625
2888631
288898
2889001
2889004
2889022
2889024
2889036
2889058
2889295
2889298
2889556
2889854
288993
2890160
2890162
2890164
2890190
2890260
289079
2890825
2890829
2891017
2891029
2891039
2891048
2891062
2891079
289172
2891789
2891800
2891893
2891918
2891921
289217
2892226
2892241
2892300
2892322
2892464
2892584
2892868
2892995
2893041
2893175
2893184
2893293
2893300
2893324
2893525
2893811
2893818
2893946
2894100
289414
2894193
2894205
2894212
289435
2894459
2894589
2894749
2894760
2894909
2895137
2895145
2895176
2895410
2895473
2895555
2895735
2895752
2895984
2895993
2896026
2896132
2896146
289628
2896418
2896431
2896582
2896589
2896745
2897069
2897079
2897099
2897111
2897168
2897221
2897356
2897490
289754
2897712
2897832
2897919
2897933
2897945
2898027
2898233
2898430
2898509
2898666
2898702
289872
2898838
2898858
2898869
2898937
2899141
2899249
2899633
2899642
2899647
2899685
2899692
2899787
289985
2900194
2900224
2900381
2900534
2900595
2900721
290082
2901040
2901058
2901226
2901518
2901525
2901576
2901601
2901697
2901814
290187
2902105
2902113
290224
2902254
2902267
2902353
2902475
2902485
2902737
2902756
2902891
290290
2902937
2903342
2903343
2903344
2903347
2903374
2903484
2903506
2903781
290387
2904063
2904319
2904321
2904341
2904350
2904362
290437
2904381
2904383
2904479
2904891
2905009
2905102
2905327
2905340
2905354
2905359
2905368
2905571
2905701
290581
2905925
2906481
2906482
2906488
2906502
2906519
2906524
2906530
2906724
2907150
2907159
2907195
2907297
2907331
2907525
2907697
2907702
2907832
2907851
2907858
2908265
2908293
2908305
2908307
2908378
290844
2908446
2908577
2908770
2908902
290894
2909046
2909369
2909370
2909381
2909389
2909396
2909399
2909464
2909638
2909871
290991
2910063
2910107
2910272
291044
2910480
2910501
2910506
2910528
2910583
2910728
2910753
2911017
2911212
2911281
2911468
2911486
2911509
291157
2911573
291164
2911854
2911937
2912057
291207
2912080
2912097
2912271
2912405
2912411
2912423
2912437
2912663
2912792
2912891
2913067
2913391
2913392
2913393
2913395
2913433
291346
2913534
2913560
2913582
2914018
2914180
2914237
2914251
2914301
2914468
2914490
2914495
2914622
2914892
2914961
2915033
2915067
291525
2915318
2915326
2915411
2915424
2915741
2915897
2915911
2915949
2915984
2916057
2916065
2916270
2916404
2916607
2916621
2916802
2916874
2916915
291701
2917030
2917135
2917166
2917437
2917451
2917579
2917707
2917791
2918048
2918059
2918067
2918084
2918314
2918363
2918370
2918384
2918693
2918708
2918846
2918854
291886
2918943
291908
2919091
2919199
2919307
2919507
2919657
2919876
2919889
2919905
2919925
2919931
2920000
2920030
292015
2920335
2920563
2920693
2920837
2920865
2920874
2920962
2920978
2921055
2921192
2921375
2921547
2921634
2921651
2921759
2921872
2922040
2922095
292214
2922199
292225
2922297
2922383
2922558
2922568
2922615
292266
2922761
2922802
2922902
292312
2923165
2923169
2923209
2923259
2923444
2923651
2923657
2923666
2923786
2923889
2923977
2924189
2924206
2924370
2924415
2924578
2924875
2924900
2924960
2924969
2924972
2925148
2925152
2925267
292530
2925504
2925555
2925632
2925786
2925840
2926157
2926179
292619
2926192
2926211
2926414
2926422
2926589
2926602
2926715
2926811
2926981
2927011
2927069
2927223
2927298
2927445
2927642
2927771
2927779
292780
2927943
2928099
2928110
2928128
2928220
2928234
2928363
2928577
2928749
2928839
2928920
292898
2929059
2929194
2929323
2929326
2929330
292965
2929731
2929732
2929744
2929855
2929892
2930041
2930061
2930075
2930527
2930532
2930539
293061
2930752
2930755
2930763
2930899
2930913
2931159
2931173
2931297
293140
2931413
2931529
2931822
2931824
2931841
2931843
293190
2932043
2932048
2932051
2932082
2932283
2932555
2932624
2932771
293296
2932961
2932974
2933099
2933127
2933140
2933165
2933189
2933431
293360
2933634
2933711
2933850
2933914
2934008
2934172
2934191
2934660
2934675
2934682
2934683
2934685
2934692
2934760
2934946
293510
2935296
2935350
2935430
2935436
2935476
2935535
2935803
2935814
2935906
2936082
2936125
293619
2936375
2936409
2936475
2936493
293686
2936885
2936920
2937291
2937317
2937339
2937357
2937360
2937765
2937960
293807
2938089
2938223
2938465
2938476
2938495
2938498
2938609
2938756
2939034
2939041
2939084
2939475
2939477
2939486
2939498
293959
2939698
2939706
2939771
2939799
293991
2940044
2940155
2940280
2940413
2940472
2940719
2940723
2940728
2940925
2940963
2941239
2941246
2941247
2941255
294129
2941585
2941592
2941689
2941944
2942118
2942288
2942301
2942321
294265
2942756
2942762
2942806
2942817
2943041
2943059
2943079
2943113
2943255
2943354
2943466
2943581
2943761
2943819
294383
2944076
2944112
2944118
2944194
2944507
2944513
2944518
2944521
2944575
294464
2944817
2944867
2944935
294512
2945174
2945293
2945424
2945431
2945455
2945526
2945585
2945772
2945860
2946057
2946407
2946417
2946437
2946450
2946463
2946467
2946472
2946638
2947170
2947178
2947190
294731
2947455
2947457
2947460
2947469
2947471
2947697
294770
2947907
2947947
2948036
2948163
2948223
294840
2948458
2948474
2948518
2948693
2948698
2948726
2949086
2949105
2949167
2949326
2949394
2949405
2949642
2949651
2949703
2949747
2949822
2950047
295025
2950268
2950373
2950423
2950618
2950629
2950637
2950679
2950758
2950888
2950952
2951038
2951255
295128
2951401
2951490
2951674
2951693
2951713
2951790
2951805
2952008
2952138
2952181
2952360
2952389
2952542
2952610
2952682
295285
2952879
2952894
2953040
295325
2953280
2953288
2953302
2953308
2953378
2953690
2953696
2953902
2953990
2954144
2954236
2954247
2954262
2954277
295444
295458
2954759
2954760
2954777
2954910
2954961
2954975
2955087
2955116
295534
2955384
2955397
2955759
2955768
2955796
2956019
2956029
2956040
2956369
2956393
2956399
2956608
2956687
2956732
2957003
295717
295812
295940
296061
296105
296232
296320
296394
296581
296694
296789
296858
296921
297144
297156
297293
297308
297420
297548
297629
297752
297878
298106
298277
298296
298444
298523
298682
298720
298771
298849
298932
299072
299169
299293
299469
299676
299705
299732
299807
299973
300002
300200
300232
300321
300371
300551
300658
300842
300854
301040
301123
301167
301300
301309
301605
301687
301748
301858
301985
302147
302223
302285
302458
302498
302554
302649
302816
302904
302991
303125
303312
303358
303447
303496
303595
303746
303834
304060
304106
304176
304311
304397
304497
304653
304745
304914
304975
304983
305125
305245
305443
305458
305560
305695
305820
305892
306009
306183
306204
306323
306417
306493
306754
306826
306848
306936
306950
307061
307220
307317
307467
307648
307814
307940
308017
308039
308095
308149
308262
308356
308537
308657
308746
308864
309055
309080
309162
309317
309403
309494
309621
309692
309897
309963
310078
310091
310208
310341
310371
310464
310621
310733
310906
310939
311012
311184
311253
311323
311460
311540
311596
311742
311836
312021
312112
312219
312385
312467
312577
312634
312666
312730
312857
313037
313179
313300
313464
313578
313594
313637
313680
313802
313824
313954
314335
314412
314444
314529
314576
314716
314777
63005725
63005735
63014732
63015553
63015554
63019284
63022035
63025072
63025075
63025076
63025078
63038131
63038257
63038301
63038340
63038547
63111884
63114345
63114348
63114351
63115921
63121265
63121267
63123766
63123867
63124695
63125138
63126116
63126248
63149112
63155035
63155405
63155994
63159685
63170762
63170763
63170764
63171550
63175171
63175221
63176215
63177299
63178248
63179744
63180862
63181787
63209627
63210165
63210182
63211711
63212697
63214092
63215019
63216450
63217355
63221789
63222866
63223976
63225140
63226909
63228094
63229217
63232870
63234150
63235420
63237735
63238918
63244717
63246503
63250836
63252905
63258753
63261598
63265158
63268289
63269995
63271784
63274138
63285109
63296750
63307586
63325814
63366483
63379645
63379646
63379655
63379933
63386779
63386783
63388400
63389162
63391571
63392360
63394566
63395562
63402870
63405853
63408496
63408497
63408500
63408885
63414310
63414311
63414555
63415135
63416995
63418078
63418591
63419038
63435236
63435251
63435254
63438239
63440195
63444330
63468875
63469628
63470467
63470509
63473034
63473039
63473045
63473062
63475124
63475506
63482146
63482149
63482596
63483431
63486614
63487341
63488260
63489038
63517406
63524425
63524466
63524514
63527098
63536007
63536017
63536585
63537312
63539382
63539722
63540056
63540273
695266
695270
695279
695574
695699
695898
695907
695951
695972
695985
696021
696072
696113
696662
696734
696791
696853
696855
696969
697041
697059
